Date,nir,red,green,ndvi,lai_ndvi
2010-04-07,0.264,0.172,0.129,0.21,0.0
2010-04-30,0.278,0.084,0.077,0.535,2.019
2010-06-01,0.386,0.085,0.098,0.64,3.199
2010-06-26,0.424,0.047,0.075,0.802,5.033
2010-08-20,0.382,0.081,0.085,0.649,3.305
2010-08-29,0.365,0.068,0.084,0.684,3.699
2010-09-05,0.336,0.062,0.073,0.69,3.77
2010-09-14,0.349,0.062,0.079,0.698,3.853
2010-09-21,0.329,0.075,0.085,0.627,3.056
2010-09-30,0.315,0.065,0.07,0.657,3.392
2010-10-07,0.312,0.084,0.078,0.575,2.47
2010-10-16,0.297,0.103,0.086,0.483,1.439
2010-11-01,0.284,0.131,0.097,0.369,0.146
2010-11-08,0.271,0.132,0.089,0.344,0.0
2011-05-03,0.255,0.098,0.087,0.443,0.988
2011-06-20,0.457,0.099,0.122,0.645,3.255
2011-06-29,0.396,0.042,0.064,0.808,5.091
2011-07-06,0.383,0.058,0.072,0.736,4.284
2011-07-22,0.247,0.083,0.073,0.498,1.603
2011-07-31,0.271,0.114,0.095,0.409,0.602
2011-09-01,0.349,0.048,0.064,0.757,4.524
2011-10-10,0.246,0.113,0.09,0.37,0.159
2011-10-19,0.268,0.12,0.096,0.381,0.284
2011-11-11,0.279,0.136,0.099,0.346,0.0
2011-11-20,0.308,0.162,0.116,0.312,0.0
2012-01-14,0.277,0.171,0.123,0.236,0.0
2012-01-30,0.267,0.179,0.131,0.197,0.0
2012-03-18,0.27,0.164,0.129,0.243,0.0
2012-04-28,0.339,0.126,0.115,0.458,1.148
2012-05-05,0.281,0.091,0.094,0.51,1.736
2012-05-21,0.312,0.111,0.106,0.474,1.33
2012-06-06,0.311,0.082,0.085,0.582,2.549
2012-06-22,0.273,0.086,0.078,0.522,1.875
2012-07-17,0.262,0.112,0.094,0.4,0.497
2012-07-24,0.251,0.115,0.09,0.373,0.191
2012-08-02,0.243,0.116,0.092,0.352,0.0
2012-08-09,0.052,0.025,0.023,0.35,0.0
2012-08-18,0.273,0.119,0.104,0.394,0.428
2012-09-10,0.205,0.118,0.091,0.271,0.0
2012-09-19,0.203,0.125,0.098,0.236,0.0
2012-10-28,0.213,0.143,0.109,0.195,0.0
2012-11-06,0.225,0.148,0.111,0.206,0.0
2012-11-29,0.151,0.116,0.084,0.132,0.0
2013-01-25,0.216,0.157,0.123,0.159,0.0
2013-03-14,0.207,0.155,0.123,0.145,0.0
2013-05-17,0.255,0.103,0.097,0.425,0.776
2013-06-02,0.292,0.066,0.073,0.632,3.109
2013-06-17,0.424,0.07,0.091,0.716,4.065
2013-07-04,0.275,0.093,0.082,0.493,1.543
2013-07-11,0.26,0.069,0.068,0.582,2.552
2013-07-12,0.292,0.076,0.082,0.586,2.6
2013-07-19,0.216,0.056,0.058,0.586,2.591
2013-07-28,0.295,0.067,0.077,0.631,3.102
2013-08-05,0.411,0.06,0.087,0.745,4.386
2013-08-12,0.412,0.052,0.071,0.777,4.745
2013-08-20,0.417,0.041,0.068,0.819,5.223
2013-08-21,0.432,0.04,0.069,0.829,5.333
2013-08-28,0.438,0.037,0.062,0.843,5.495
2013-08-29,0.442,0.039,0.069,0.838,5.429
2013-09-13,0.385,0.1,0.108,0.589,2.632
2013-09-21,0.324,0.056,0.061,0.706,3.952
2013-09-22,0.352,0.074,0.074,0.654,3.363
2013-09-29,0.281,0.068,0.063,0.611,2.871
2013-09-30,0.32,0.071,0.07,0.635,3.144
2013-10-07,0.278,0.068,0.063,0.605,2.814
2013-10-08,0.299,0.109,0.106,0.464,1.216
2013-10-16,0.291,0.084,0.074,0.552,2.212
2013-10-24,0.276,0.113,0.09,0.42,0.727
2013-11-01,0.285,0.118,0.091,0.415,0.667
2013-11-08,0.248,0.11,0.082,0.385,0.329
2013-11-09,0.277,0.137,0.1,0.337,0.0
2013-11-24,0.296,0.147,0.103,0.336,0.0
2013-11-25,0.302,0.173,0.112,0.272,0.0
2013-12-02,0.352,0.227,0.181,0.216,0.0
2013-12-26,0.3,0.17,0.117,0.278,0.0
2013-12-27,0.289,0.191,0.127,0.202,0.0
2014-01-11,0.308,0.177,0.12,0.27,0.0
2014-01-19,0.27,0.183,0.123,0.192,0.0
2014-01-27,0.3,0.181,0.124,0.248,0.0
2014-01-28,0.294,0.195,0.13,0.201,0.0
2014-02-12,1.022,0.996,0.934,0.013,0.0
2014-02-13,0.377,0.313,0.248,0.094,0.0
2014-02-21,0.304,0.189,0.131,0.235,0.0
2014-02-28,0.3,0.189,0.132,0.228,0.0
2014-03-16,0.308,0.195,0.139,0.225,0.0
2014-03-25,0.31,0.203,0.147,0.21,0.0
2014-04-10,0.31,0.187,0.139,0.249,0.0
2014-04-17,0.312,0.176,0.135,0.278,0.0
2014-05-03,0.367,0.151,0.13,0.416,0.682
2014-05-20,0.336,0.133,0.123,0.433,0.866
2014-05-28,0.348,0.081,0.083,0.624,3.019
2014-06-12,0.311,0.054,0.066,0.704,3.921
2014-06-13,0.347,0.05,0.073,0.748,4.423
2014-06-21,0.391,0.05,0.073,0.772,4.685
2014-06-29,0.431,0.041,0.069,0.827,5.306
2014-07-22,0.278,0.06,0.067,0.645,3.254
2014-07-23,0.359,0.085,0.092,0.618,2.957
2014-07-30,0.386,0.077,0.092,0.667,3.502
2014-08-24,0.239,0.028,0.043,0.788,4.865
2014-08-31,0.342,0.037,0.056,0.804,5.05
2014-09-01,0.337,0.045,0.064,0.763,4.588
2014-09-08,0.414,0.043,0.064,0.813,5.158
2014-09-17,0.356,0.047,0.064,0.765,4.617
2014-09-24,0.342,0.048,0.06,0.756,4.506
2014-09-25,0.329,0.055,0.067,0.714,4.037
2014-10-02,0.264,0.06,0.068,0.632,3.108
2014-10-03,0.327,0.058,0.063,0.699,3.867
2014-10-19,0.28,0.114,0.085,0.42,0.727
2014-10-26,0.275,0.124,0.09,0.377,0.235
2014-11-04,0.286,0.137,0.096,0.353,0.0
2014-11-28,0.283,0.177,0.119,0.231,0.0
2015-01-22,0.258,0.169,0.117,0.206,0.0
2015-02-07,0.399,0.371,0.307,0.037,0.0
2015-02-08,0.28,0.178,0.129,0.224,0.0
2015-02-24,0.264,0.169,0.123,0.22,0.0
2015-03-04,0.264,0.185,0.145,0.176,0.0
2015-03-11,0.258,0.187,0.133,0.161,0.0
2015-03-20,0.283,0.194,0.142,0.187,0.0
2015-03-28,0.292,0.18,0.134,0.237,0.0
2015-04-04,0.296,0.174,0.132,0.259,0.0
2015-04-05,0.297,0.185,0.143,0.233,0.0
2015-04-13,0.284,0.157,0.124,0.289,0.0
2015-04-20,0.282,0.146,0.118,0.319,0.0
2015-04-21,0.303,0.167,0.135,0.289,0.0
2015-04-28,0.28,0.142,0.115,0.326,0.0
2015-04-29,0.29,0.141,0.116,0.344,0.0
2015-05-30,0.28,0.069,0.072,0.603,2.792
2015-06-08,0.319,0.061,0.074,0.678,3.627
2015-06-24,0.382,0.05,0.075,0.769,4.652
2015-07-18,0.269,0.095,0.083,0.479,1.387
2015-08-02,0.272,0.074,0.066,0.573,2.449
2015-08-03,0.284,0.064,0.067,0.63,3.085
2015-08-26,0.362,0.052,0.071,0.747,4.413
2015-09-03,0.351,0.046,0.065,0.77,4.669
2015-09-04,0.375,0.048,0.071,0.771,4.681
2015-09-11,0.364,0.044,0.064,0.785,4.835
2015-09-12,0.364,0.052,0.071,0.751,4.457
2015-09-20,0.36,0.052,0.068,0.747,4.405
2015-09-27,0.336,0.052,0.064,0.733,4.254
2015-10-13,0.282,0.067,0.059,0.616,2.934
2015-10-29,0.273,0.111,0.082,0.42,0.726
2015-11-06,0.268,0.128,0.092,0.354,0.0
2015-11-07,0.282,0.123,0.091,0.392,0.41
2015-11-14,0.283,0.123,0.088,0.393,0.422
2015-11-15,0.286,0.144,0.103,0.331,0.0
2015-11-22,0.298,0.164,0.13,0.29,0.0
2015-11-23,0.288,0.139,0.103,0.349,0.0
2015-12-16,0.285,0.221,0.204,0.127,0.0
2016-01-17,0.652,0.559,0.489,0.077,0.0
2016-01-26,0.585,0.534,0.487,0.045,0.0
2016-01-29,0.251,0.177,0.153,0.171,0.0
2016-02-26,0.254,0.183,0.149,0.163,0.0
2016-02-27,0.255,0.153,0.113,0.251,0.0
2016-03-05,0.264,0.157,0.116,0.253,0.0
2016-03-06,0.273,0.177,0.13,0.213,0.0
2016-03-13,0.319,0.193,0.157,0.247,0.0
2016-03-21,0.276,0.151,0.117,0.291,0.0
2016-04-06,0.296,0.149,0.117,0.332,0.0
2016-04-07,0.329,0.171,0.14,0.316,0.0
2016-04-14,0.297,0.154,0.125,0.316,0.0
2016-04-22,0.289,0.128,0.107,0.384,0.323
2016-04-23,0.341,0.17,0.146,0.334,0.0
2016-05-08,0.322,0.097,0.093,0.538,2.049
2016-05-18,0.318,0.101,0.114,0.516,1.805
2016-05-24,0.353,0.064,0.074,0.694,3.806
2016-05-25,0.364,0.068,0.078,0.683,3.693
2016-06-07,0.389,0.06,0.098,0.731,4.233
2016-06-09,0.464,0.06,0.082,0.77,4.662
2016-06-17,0.387,0.053,0.072,0.757,4.527
2016-06-18,0.499,0.043,0.08,0.841,5.472
2016-06-26,0.372,0.05,0.07,0.764,4.605
2016-07-12,0.281,0.114,0.091,0.424,0.766
2016-07-20,0.273,0.087,0.08,0.519,1.836
2016-07-27,0.283,0.062,0.068,0.641,3.219
2016-08-12,0.354,0.04,0.06,0.797,4.974
2016-08-13,0.37,0.041,0.06,0.801,5.015
2016-08-20,0.368,0.043,0.065,0.792,4.913
2016-08-21,0.345,0.046,0.065,0.765,4.616
2016-08-28,0.365,0.048,0.066,0.766,4.628
2016-09-21,0.221,0.108,0.106,0.345,0.0
2016-09-29,0.259,0.052,0.053,0.666,3.498
2016-09-30,0.273,0.081,0.077,0.543,2.106
2016-10-05,0.249,0.086,0.09,0.485,1.453
2016-10-08,0.27,0.079,0.066,0.548,2.163
2016-10-23,0.223,0.119,0.078,0.303,0.0
2016-11-08,0.223,0.126,0.086,0.276,0.0
2016-11-09,0.26,0.13,0.089,0.335,0.0
2016-11-25,0.25,0.127,0.086,0.326,0.0
2016-12-02,0.319,0.158,0.106,0.337,0.0
2016-12-04,0.233,0.144,0.112,0.236,0.0
2016-12-14,0.306,0.218,0.183,0.168,0.0
2016-12-26,0.249,0.154,0.105,0.236,0.0
2016-12-27,0.271,0.151,0.102,0.284,0.0
2017-01-11,0.265,0.171,0.119,0.214,0.0
2017-02-04,0.297,0.209,0.16,0.174,0.0
2017-02-12,0.223,0.159,0.127,0.167,0.0
2017-02-13,0.246,0.155,0.112,0.226,0.0
2017-02-21,0.233,0.171,0.119,0.153,0.0
2017-02-22,0.22,0.158,0.125,0.162,0.0
2017-03-09,0.297,0.223,0.183,0.142,0.0
2017-04-03,0.241,0.178,0.163,0.151,0.0
2017-04-17,0.298,0.164,0.139,0.29,0.0
2017-04-18,0.251,0.123,0.101,0.342,0.0
2017-04-23,0.25,0.144,0.138,0.267,0.0
2017-05-04,0.262,0.126,0.106,0.349,0.0
2017-05-11,0.263,0.103,0.092,0.436,0.907
2017-05-12,0.281,0.113,0.104,0.425,0.782
2017-05-13,0.262,0.114,0.117,0.395,0.442
2017-05-28,0.297,0.085,0.083,0.556,2.256
2017-06-02,0.282,0.081,0.105,0.555,2.249
2017-06-05,0.307,0.069,0.08,0.634,3.134
2017-06-13,0.361,0.082,0.098,0.632,3.108
2017-06-21,0.314,0.065,0.076,0.656,3.384
2017-06-22,0.292,0.089,0.113,0.535,2.015
2017-06-28,0.301,0.061,0.066,0.662,3.454
2017-06-29,0.31,0.072,0.079,0.621,2.992
2017-07-06,0.278,0.11,0.099,0.431,0.847
2017-07-14,0.21,0.083,0.075,0.435,0.899
2017-07-15,0.233,0.104,0.083,0.382,0.295
2017-07-23,0.245,0.088,0.08,0.472,1.313
2017-07-27,0.226,0.093,0.099,0.419,0.714
2017-08-01,0.268,0.094,0.111,0.481,1.41
2017-08-08,0.284,0.062,0.071,0.643,3.234
2017-08-21,0.121,0.026,0.037,0.649,3.309
2017-08-23,0.195,0.032,0.044,0.72,4.105
2017-08-24,0.378,0.054,0.073,0.748,4.424
2017-08-31,0.319,0.05,0.064,0.729,4.205
2017-09-05,0.295,0.067,0.092,0.632,3.116
2017-09-08,0.293,0.059,0.06,0.667,3.504
2017-09-10,0.296,0.081,0.106,0.571,2.428
2017-10-11,0.246,0.075,0.064,0.532,1.989
2017-10-15,0.204,0.094,0.087,0.371,0.168
2017-10-18,0.233,0.091,0.064,0.439,0.935
2017-10-19,0.246,0.104,0.078,0.405,0.552
2017-10-20,0.266,0.169,0.148,0.225,0.0
2017-10-26,0.43,0.377,0.355,0.066,0.0
2017-11-12,0.28,0.152,0.103,0.298,0.0
2017-11-19,0.276,0.147,0.095,0.306,0.0
2017-11-24,0.241,0.161,0.124,0.198,0.0
2017-11-28,0.291,0.162,0.108,0.284,0.0
2017-12-05,0.288,0.158,0.101,0.292,0.0
2017-12-19,0.27,0.184,0.135,0.19,0.0
2017-12-24,0.714,0.619,0.539,0.071,0.0
2018-01-03,0.724,0.649,0.563,0.054,0.0
2018-01-08,0.265,0.178,0.133,0.196,0.0
2018-01-15,0.054,-0.022,-0.059,2.427,23.333
2018-01-23,0.906,0.886,0.804,0.011,0.0
2018-02-02,0.383,0.354,0.308,0.039,0.0
2018-02-17,0.271,0.199,0.156,0.153,0.0
2018-02-27,0.236,0.168,0.133,0.168,0.0
2018-03-03,0.267,0.183,0.134,0.186,0.0
2018-03-09,0.248,0.176,0.138,0.171,0.0
2018-03-12,0.34,0.275,0.226,0.107,0.0
2018-03-14,0.251,0.177,0.135,0.173,0.0
2018-04-04,0.269,0.19,0.148,0.171,0.0
2018-04-28,0.262,0.157,0.131,0.249,0.0
2018-04-29,0.267,0.171,0.134,0.219,0.0
2018-05-06,0.268,0.148,0.121,0.288,0.0
2018-05-07,0.278,0.137,0.115,0.339,0.0
2018-05-08,0.308,0.164,0.153,0.304,0.0
2018-05-15,0.294,0.121,0.111,0.417,0.688
2018-05-23,0.279,0.093,0.104,0.501,1.634
2018-05-28,0.306,0.102,0.122,0.499,1.611
2018-05-30,0.313,0.063,0.078,0.664,3.47
2018-06-02,0.277,0.073,0.098,0.586,2.59
2018-06-12,0.331,0.072,0.108,0.642,3.229
2018-06-15,0.402,0.055,0.079,0.758,4.529
2018-06-16,0.388,0.06,0.084,0.73,4.221
2018-06-27,0.337,0.055,0.092,0.719,4.094
2018-07-02,0.354,0.048,0.081,0.761,4.563
2018-07-07,0.34,0.055,0.093,0.722,4.124
2018-07-09,0.373,0.041,0.06,0.803,5.035
2018-07-10,0.33,0.099,0.097,0.538,2.056
2018-07-12,0.23,0.107,0.11,0.364,0.099
2018-07-18,0.378,0.136,0.141,0.47,1.292
2018-07-25,0.273,0.055,0.059,0.663,3.46
2018-08-01,0.263,0.083,0.107,0.519,1.839
2018-08-02,0.324,0.054,0.07,0.713,4.022
2018-08-11,0.319,0.066,0.091,0.655,3.375
2018-08-16,0.323,0.058,0.091,0.694,3.808
2018-08-26,0.324,0.054,0.089,0.715,4.045
2018-09-11,0.339,0.045,0.059,0.764,4.596
2018-09-12,0.343,0.048,0.064,0.756,4.513
2018-09-20,0.344,0.067,0.082,0.675,3.598
2018-10-06,0.277,0.062,0.064,0.633,3.12
2018-10-13,0.235,0.064,0.056,0.57,2.42
2018-10-15,0.218,0.077,0.081,0.478,1.383
2018-10-20,0.217,0.099,0.092,0.372,0.187
2018-10-21,0.26,0.103,0.077,0.434,0.882
2018-10-22,0.25,0.108,0.085,0.395,0.448
2018-10-29,0.255,0.135,0.102,0.308,0.0
2018-11-06,0.28,0.137,0.098,0.343,0.0
2018-11-07,0.283,0.158,0.11,0.284,0.0
2018-11-14,0.253,0.155,0.119,0.241,0.0
2018-11-15,0.273,0.142,0.097,0.314,0.0
2018-11-22,0.286,0.153,0.101,0.304,0.0
2018-12-09,0.825,0.815,0.742,0.006,0.0
2018-12-14,0.492,0.434,0.378,0.063,0.0
2018-12-17,0.33,0.204,0.141,0.235,0.0
2018-12-29,0.802,0.726,0.636,0.049,0.0
2019-01-03,0.542,0.48,0.402,0.06,0.0
2019-01-08,0.269,0.182,0.137,0.192,0.0
2019-01-09,0.303,0.173,0.112,0.275,0.0
2019-01-10,0.287,0.195,0.129,0.192,0.0
2019-01-23,0.618,0.548,0.472,0.06,0.0
2019-02-12,0.318,0.228,0.178,0.165,0.0
2019-03-04,0.859,0.836,0.785,0.014,0.0
2019-03-22,0.251,0.179,0.13,0.167,0.0
2019-03-31,0.254,0.177,0.136,0.179,0.0
2019-04-08,0.264,0.173,0.138,0.207,0.0
2019-04-13,0.439,0.386,0.345,0.065,0.0
2019-04-15,0.197,0.116,0.089,0.258,0.0
2019-04-18,0.315,0.21,0.171,0.2,0.0
2019-04-24,0.288,0.159,0.126,0.29,0.0
2019-05-02,0.28,0.151,0.124,0.298,0.0
2019-05-10,0.155,0.076,0.066,0.345,0.0
2019-05-13,0.26,0.137,0.131,0.308,0.0
2019-05-17,0.351,0.125,0.117,0.475,1.343
2019-05-18,0.306,0.129,0.125,0.406,0.568
2019-05-26,0.301,0.087,0.09,0.553,2.221
2019-06-02,0.305,0.079,0.096,0.59,2.639
2019-06-07,0.325,0.071,0.103,0.643,3.232
2019-06-12,0.357,0.062,0.1,0.703,3.908
2019-06-26,0.402,0.078,0.095,0.674,3.583
2019-06-27,0.358,0.052,0.086,0.745,4.391
2019-07-02,0.409,0.068,0.11,0.715,4.046
2019-07-07,0.348,0.069,0.107,0.671,3.556
2019-07-12,0.268,0.118,0.11,0.39,0.39
2019-07-22,0.271,0.097,0.105,0.472,1.316
2019-07-29,0.299,0.065,0.073,0.643,3.241
2019-08-06,0.321,0.056,0.077,0.704,3.926
2019-08-13,0.483,0.056,0.076,0.791,4.906
2019-08-14,0.346,0.042,0.063,0.784,4.829
2019-08-16,0.33,0.054,0.093,0.716,4.064
2019-08-22,0.297,0.04,0.06,0.76,4.555
2019-08-29,0.368,0.035,0.058,0.825,5.289
2019-09-14,0.391,0.05,0.062,0.775,4.729
2019-09-15,0.335,0.045,0.072,0.762,4.581
2019-09-22,0.356,0.044,0.06,0.781,4.788
2019-09-23,0.342,0.044,0.06,0.771,4.683
2019-10-05,0.298,0.074,0.096,0.603,2.783
2019-10-08,0.335,0.063,0.066,0.684,3.702
2019-10-09,0.314,0.083,0.078,0.583,2.565
2019-10-15,0.235,0.107,0.098,0.373,0.193
2019-10-16,0.264,0.111,0.091,0.409,0.595
2019-10-17,0.119,0.049,0.038,0.421,0.737
2019-10-24,0.287,0.133,0.091,0.368,0.142
2019-10-25,0.267,0.147,0.102,0.291,0.0
2019-11-02,0.296,0.151,0.098,0.326,0.0
2019-11-09,0.28,0.182,0.136,0.214,0.0
2019-11-14,0.278,0.168,0.117,0.247,0.0
2019-11-17,0.303,0.182,0.111,0.25,0.0
2019-11-18,0.322,0.168,0.102,0.315,0.0
2019-11-19,0.284,0.179,0.126,0.228,0.0
2019-11-24,0.276,0.179,0.124,0.214,0.0
2019-11-25,0.319,0.17,0.107,0.306,0.0
2019-12-04,0.417,0.318,0.248,0.134,0.0
2019-12-09,0.534,0.385,0.294,0.163,0.0
2019-12-11,0.451,0.204,0.077,0.377,0.235
2019-12-19,0.463,0.357,0.3,0.129,0.0
2019-12-24,0.135,0.106,0.099,0.12,0.0
2019-12-27,0.35,0.193,0.11,0.289,0.0
2020-01-08,0.386,0.29,0.212,0.142,0.0
2020-01-18,0.783,0.708,0.621,0.05,0.0
2020-02-22,0.3,0.202,0.143,0.195,0.0
2020-02-29,0.321,0.206,0.142,0.218,0.0
2020-03-03,0.286,0.206,0.154,0.162,0.0
2020-03-08,0.243,0.183,0.148,0.142,0.0
2020-04-01,0.287,0.186,0.14,0.214,0.0
2020-04-07,0.265,0.194,0.157,0.153,0.0
2020-04-09,0.276,0.189,0.14,0.186,0.0
2020-04-10,0.317,0.207,0.156,0.21,0.0
2020-04-18,0.281,0.204,0.152,0.159,0.0
2020-04-22,0.271,0.201,0.171,0.148,0.0
2020-04-25,0.27,0.19,0.146,0.174,0.0
2020-04-26,0.3,0.188,0.145,0.229,0.0
2020-05-03,0.303,0.177,0.139,0.261,0.0
2020-05-28,0.284,0.097,0.094,0.49,1.508
2020-06-01,0.273,0.101,0.117,0.46,1.181
2020-06-04,0.314,0.069,0.079,0.639,3.191
2020-06-05,0.325,0.076,0.083,0.62,2.973
2020-06-06,0.329,0.083,0.114,0.598,2.732
2020-06-11,0.311,0.075,0.105,0.611,2.882
2020-06-12,0.344,0.057,0.071,0.715,4.049
2020-06-13,0.36,0.06,0.081,0.715,4.049
2020-06-16,0.377,0.072,0.111,0.681,3.661
2020-06-20,0.463,0.058,0.087,0.776,4.736
2020-07-01,0.329,0.083,0.114,0.596,2.707
2020-07-06,0.342,0.059,0.088,0.707,3.957
2020-07-07,0.362,0.047,0.065,0.769,4.657
2020-07-11,0.283,0.062,0.093,0.642,3.224
2020-07-16,0.268,0.129,0.12,0.351,0.0
2020-07-21,0.236,0.122,0.111,0.317,0.0
2020-07-23,0.313,0.097,0.088,0.528,1.945
2020-07-31,0.335,0.081,0.086,0.611,2.879
2020-08-05,0.285,0.079,0.098,0.568,2.391
2020-08-10,0.293,0.087,0.108,0.541,2.084
2020-08-15,0.288,0.072,0.094,0.598,2.733
2020-08-16,0.328,0.061,0.071,0.688,3.744
2020-08-20,0.305,0.08,0.106,0.584,2.572
2020-08-23,0.32,0.056,0.066,0.701,3.89
2020-08-25,0.301,0.081,0.105,0.577,2.492
2020-08-30,0.284,0.079,0.105,0.563,2.335
2020-09-01,0.337,0.061,0.071,0.694,3.813
2020-09-04,0.275,0.082,0.097,0.542,2.103
2020-09-14,0.273,0.098,0.116,0.471,1.302
2020-09-16,0.328,0.111,0.112,0.495,1.566
2020-09-17,0.306,0.063,0.091,0.657,3.394
2020-09-24,0.274,0.092,0.091,0.499,1.61
2020-09-25,0.286,0.09,0.085,0.521,1.863
2020-09-29,0.22,0.09,0.089,0.419,0.711
2020-10-02,0.274,0.093,0.078,0.494,1.556
2020-10-04,0.232,0.113,0.103,0.344,0.0
2020-10-10,0.275,0.134,0.096,0.343,0.0
2020-10-29,0.229,0.153,0.119,0.199,0.0
2020-11-03,0.242,0.149,0.104,0.239,0.0
2020-11-13,0.264,0.185,0.148,0.178,0.0
2020-11-20,0.377,0.212,0.15,0.28,0.0
2020-11-27,0.265,0.146,0.096,0.288,0.0
2020-11-28,0.251,0.159,0.117,0.225,0.0
2020-12-03,0.246,0.163,0.126,0.203,0.0
2020-12-05,0.252,0.149,0.107,0.257,0.0
2020-12-06,0.276,0.159,0.106,0.271,0.0
2020-12-13,0.152,0.085,0.058,0.281,0.0
2020-12-21,0.254,0.158,0.114,0.233,0.0
2020-12-22,0.289,0.17,0.114,0.258,0.0
2020-12-28,0.151,0.129,0.123,0.08,0.0
2021-01-02,0.813,0.806,0.729,0.004,0.0
2021-01-12,0.311,0.271,0.225,0.069,0.0
2021-01-17,0.232,0.163,0.126,0.174,0.0
2021-01-27,0.897,0.895,0.808,0.001,0.0
2021-02-16,0.886,0.894,0.834,-0.005,0.0
2021-02-24,0.23,0.153,0.107,0.203,0.0
2021-02-26,0.223,0.163,0.129,0.157,0.0
2021-03-03,0.229,0.157,0.118,0.188,0.0
2021-03-04,0.235,0.166,0.12,0.172,0.0
2021-03-08,0.187,0.147,0.122,0.12,0.0
2021-03-11,0.219,0.153,0.106,0.178,0.0
2021-03-19,0.244,0.155,0.114,0.223,0.0
2021-03-20,0.259,0.173,0.134,0.199,0.0
2021-04-02,0.241,0.166,0.142,0.184,0.0
2021-04-04,0.192,0.12,0.092,0.231,0.0
2021-04-05,0.263,0.168,0.13,0.222,0.0
2021-04-12,0.259,0.163,0.139,0.227,0.0
2021-04-13,0.288,0.161,0.126,0.283,0.0
2021-04-29,0.277,0.157,0.122,0.275,0.0
2021-05-02,0.291,0.157,0.146,0.3,0.0
2021-05-06,0.271,0.141,0.113,0.316,0.0
2021-05-15,0.288,0.13,0.112,0.379,0.266
2021-05-31,0.264,0.072,0.077,0.569,2.399
2021-06-01,0.292,0.097,0.114,0.502,1.644
2021-06-06,0.266,0.083,0.104,0.523,1.882
2021-06-16,0.301,0.075,0.092,0.602,2.778
2021-06-23,0.299,0.056,0.067,0.686,3.721
2021-07-01,0.321,0.056,0.079,0.702,3.9
2021-07-09,0.34,0.049,0.066,0.747,4.409
2021-07-11,0.366,0.067,0.102,0.69,3.769
2021-07-17,0.463,0.087,0.102,0.684,3.699
2021-07-31,0.272,0.115,0.129,0.406,0.563
2021-08-05,0.257,0.096,0.111,0.457,1.145
2021-08-10,0.318,0.093,0.113,0.547,2.156
2021-08-15,0.263,0.082,0.098,0.525,1.912
2021-08-27,0.439,0.064,0.08,0.744,4.374
2021-09-04,0.322,0.053,0.079,0.715,4.049
2021-09-09,0.326,0.078,0.11,0.615,2.92
2021-09-19,0.357,0.077,0.111,0.644,3.243
2021-09-27,0.341,0.054,0.067,0.725,4.163
2021-09-28,0.331,0.056,0.074,0.712,4.017
2021-10-04,0.276,0.06,0.087,0.642,3.226
2021-10-05,0.286,0.047,0.056,0.716,4.062
2021-10-13,0.33,0.068,0.073,0.659,3.42
2021-10-14,0.355,0.109,0.119,0.529,1.958
2021-10-19,0.278,0.099,0.101,0.473,1.326
2021-10-21,0.316,0.098,0.084,0.527,1.931
2021-10-29,0.228,0.083,0.076,0.468,1.265
2021-10-30,0.235,0.09,0.065,0.447,1.025
2021-11-04,0.263,0.107,0.075,0.422,0.749
2021-11-09,0.251,0.109,0.075,0.395,0.449
2021-11-18,0.235,0.131,0.103,0.285,0.0
2021-11-23,0.259,0.14,0.1,0.299,0.0
2021-11-30,0.293,0.141,0.091,0.349,0.0
2021-12-03,0.252,0.153,0.117,0.246,0.0
2021-12-08,0.261,0.15,0.105,0.271,0.0
2021-12-09,0.281,0.143,0.093,0.326,0.0
2021-12-28,0.264,0.164,0.122,0.233,0.0
2022-01-02,0.443,0.346,0.283,0.124,0.0
2022-01-09,0.267,0.15,0.1,0.28,0.0
2022-01-10,0.292,0.162,0.103,0.286,0.0
2022-01-12,0.292,0.196,0.154,0.197,0.0
2022-01-22,0.326,0.234,0.175,0.164,0.0
2022-01-26,0.303,0.172,0.108,0.275,0.0
2022-01-27,0.22,0.148,0.111,0.194,0.0
2022-02-03,0.281,0.17,0.11,0.244,0.0
2022-02-06,0.269,0.181,0.13,0.197,0.0
2022-02-10,0.311,0.181,0.118,0.265,0.0
2022-02-11,0.307,0.189,0.126,0.238,0.0
2022-02-18,0.298,0.175,0.116,0.26,0.0
2022-02-19,0.281,0.179,0.12,0.22,0.0
2022-02-26,0.275,0.178,0.125,0.212,0.0
2022-02-27,0.291,0.178,0.12,0.241,0.0
2022-03-03,0.262,0.193,0.15,0.152,0.0
2022-03-07,0.332,0.219,0.149,0.205,0.0
2022-03-08,0.291,0.195,0.139,0.199,0.0
2022-03-13,0.279,0.2,0.143,0.164,0.0
2022-03-28,0.278,0.2,0.149,0.164,0.0
2022-03-31,0.321,0.2,0.137,0.233,0.0
2022-04-02,0.312,0.217,0.158,0.179,0.0
2022-04-08,0.331,0.208,0.142,0.229,0.0
2022-04-12,0.338,0.239,0.18,0.172,0.0
2022-04-16,0.327,0.203,0.142,0.234,0.0
2022-04-17,0.33,0.232,0.17,0.176,0.0
2022-04-23,0.368,0.215,0.147,0.262,0.0
2022-05-01,0.327,0.183,0.132,0.282,0.0
2022-05-09,0.287,0.16,0.128,0.286,0.0
2022-05-18,0.328,0.093,0.091,0.56,2.307
2022-05-22,0.365,0.108,0.123,0.543,2.106
2022-05-27,0.29,0.102,0.119,0.48,1.405
2022-06-02,0.353,0.053,0.068,0.739,4.32
2022-06-07,0.357,0.065,0.077,0.693,3.801
2022-06-11,0.244,0.067,0.069,0.569,2.407
2022-06-12,0.288,0.079,0.076,0.567,2.384
2022-06-16,0.311,0.089,0.106,0.557,2.269
2022-06-18,0.336,0.076,0.083,0.63,3.096
2022-06-19,0.346,0.07,0.081,0.662,3.451
2022-06-26,0.32,0.077,0.092,0.614,2.911
2022-06-27,0.342,0.073,0.081,0.648,3.288
2022-06-29,0.301,0.066,0.071,0.641,3.21
2022-07-04,0.319,0.059,0.073,0.689,3.76
2022-07-05,0.321,0.061,0.075,0.681,3.66
2022-07-06,0.277,0.071,0.097,0.592,2.667
2022-07-11,0.312,0.054,0.08,0.703,3.912
2022-07-12,0.326,0.045,0.065,0.755,4.496
2022-07-13,0.328,0.05,0.07,0.736,4.281
2022-07-20,0.346,0.043,0.062,0.779,4.77
2022-07-21,0.316,0.063,0.095,0.67,3.54
2022-07-28,0.38,0.055,0.074,0.746,4.397
2022-07-29,0.357,0.048,0.068,0.762,4.58
2022-07-31,0.299,0.071,0.098,0.615,2.917
2022-08-05,0.295,0.064,0.079,0.645,3.259
2022-08-10,0.272,0.065,0.089,0.613,2.904
2022-08-21,0.287,0.049,0.059,0.707,3.96
2022-08-22,0.281,0.055,0.063,0.672,3.564
2022-08-29,0.26,0.057,0.059,0.642,3.224
2022-08-30,0.243,0.068,0.074,0.563,2.339
2022-08-31,0.259,0.056,0.047,0.645,3.254
2022-09-04,0.232,0.07,0.083,0.535,2.017
2022-09-06,0.262,0.064,0.068,0.606,2.815
2022-09-07,0.264,0.066,0.069,0.6,2.755
2022-09-14,0.231,0.078,0.082,0.497,1.597
2022-09-23,0.272,0.073,0.069,0.575,2.474
2022-09-24,0.224,0.088,0.095,0.435,0.897
2022-09-30,0.258,0.091,0.075,0.479,1.392
2022-10-01,0.266,0.1,0.081,0.453,1.091
2022-10-08,0.241,0.089,0.066,0.462,1.193
2022-10-09,0.226,0.099,0.08,0.391,0.402
2022-10-17,0.248,0.111,0.078,0.38,0.279
2022-10-19,0.23,0.132,0.106,0.273,0.0
2022-10-25,0.264,0.132,0.086,0.336,0.0
2022-10-29,0.23,0.141,0.108,0.242,0.0
2022-11-01,0.26,0.13,0.083,0.334,0.0
2022-11-07,0.249,0.136,0.086,0.292,0.0
2022-11-17,0.268,0.136,0.088,0.327,0.0
2022-11-25,0.269,0.137,0.088,0.325,0.0
2022-11-28,0.284,0.192,0.147,0.194,0.0
2022-12-03,0.239,0.139,0.098,0.265,0.0
2022-12-04,0.282,0.152,0.099,0.299,0.0
2022-12-18,0.38,0.284,0.232,0.145,0.0
2022-12-23,0.597,0.458,0.388,0.131,0.0
